<!doctype html>
<html>
<head>
<meta charset="utf-8">
<title>Pearls AQI Artifact Evidence</title>
<style>
  body { margin: 0; font-family: Arial, sans-serif; background: linear-gradient(120deg,#f4fbfb,#f8f4ed); color: #122033; }
  .wrap { padding: 44px; max-width: 1260px; margin: 0 auto; }
  h1 { font-family: Georgia, 'Times New Roman', serif; font-size: 52px; margin: 0 0 10px; }
  .lead { color: #5a6b7c; font-size: 18px; margin-bottom: 28px; }
  .grid { display: grid; grid-template-columns: 1fr 1fr; gap: 22px; }
  .card { background: rgba(255,255,255,.92); border: 1px solid rgba(18,32,51,.08); border-radius: 22px; padding: 22px; box-shadow: 0 18px 50px rgba(18,32,51,.11); }
  .wide { grid-column: 1 / -1; }
  .eyebrow { color: #64748b; font-size: 12px; font-weight: 800; letter-spacing: .16em; text-transform: uppercase; }
  table { width: 100%; border-collapse: collapse; font-size: 14px; }
  td, th { text-align: left; border-bottom: 1px solid #e5edf0; padding: 10px; }
  pre { margin: 0; padding: 16px; background: #0d1724; color: #dceffc; border-radius: 16px; max-height: 360px; overflow: hidden; white-space: pre-wrap; font: 12px/1.45 Consolas, monospace; }
</style>
</head>
<body><main class="wrap"><h1>Local ML Artifact Evidence</h1><p class="lead">EDA, explainability, and champion model files generated by the AQI training workflow.</p><section class="grid"><article class="card wide"><p class="eyebrow">Champion model joblib files</p><table><thead><tr><th>File</th><th>Size</th><th>Last updated</th></tr></thead><tbody><tr><td>champions_20260601_130409.joblib</td><td>1.76 MB</td><td>06/01/2026 18:04:09</td></tr>
<tr><td>champions_20260601_114858.joblib</td><td>1.76 MB</td><td>06/01/2026 16:48:58</td></tr>
<tr><td>champions_20260530_204406.joblib</td><td>3.12 MB</td><td>05/31/2026 01:44:06</td></tr>
<tr><td>champions_20260530_201538.joblib</td><td>3.13 MB</td><td>05/31/2026 01:15:38</td></tr></tbody></table></article><article class="card"><p class="eyebrow">EDA summary stats</p><pre>,aqi,pm10,pm2_5,co,no2,so2,o3
count,92.0,92.0,92.0,92.0,92.0,92.0,92.0
mean,89.9692028985507,47.8388134057971,27.250317028985503,734.2196557971014,32.82721920289855,8.831204710144927,84.94248188405795
std,20.51822768880186,29.8101347822031,9.917719132473696,172.7116369204738,7.9560121284313565,2.442009072130128,18.892251233896133
min,61.916666666666664,17.429166666666667,15.075000000000001,423.5416666666667,14.095833333333333,4.125,54.958333333333336
25%,77.69791666666666,30.019791666666666,20.011458333333334,600.0104166666666,27.13125,6.991666666666667,71.13541666666667
50%,84.66666666666666,40.16875,24.37916666666667,726.5416666666667,31.377083333333335,8.554166666666667,82.83333333333334
75%,96.35416666666667,52.171875,31.572916666666668,837.2291666666667,40.16770833333334,10.140625,93.04166666666667
max,158.20833333333334,186.025,63.050000000000004,1222.2083333333333,49.541666666666664,15.0375,132.75
</pre></article><article class="card"><p class="eyebrow">Correlation table</p><pre>,aqi,pm2_5,pm10,co,no2,so2,o3
aqi,1.0,0.844492646245634,0.7049570299571839,0.15348396413367707,-0.08765273105639848,0.6393467526750715,0.5570561735039562
pm2_5,0.844492646245634,1.0,0.8721961677101477,0.27999479427231716,-0.0287097100769467,0.6714919781254695,0.3294995245686886
pm10,0.7049570299571839,0.8721961677101477,1.0,0.030111190514512703,-0.3223515384616554,0.3874035116183757,0.49573702246903306
co,0.15348396413367707,0.27999479427231716,0.030111190514512703,1.0,0.46311530988455457,0.45728034975753024,-0.3390768135307045
no2,-0.08765273105639848,-0.0287097100769467,-0.3223515384616554,0.46311530988455457,1.0,0.3626717694830688,-0.6192835970444005
so2,0.6393467526750715,0.6714919781254695,0.3874035116183757,0.45728034975753024,0.3626717694830688,1.0,0.1804754175557047
o3,0.5570561735039562,0.3294995245686886,0.49573702246903306,-0.3390768135307045,-0.6192835970444005,0.1804754175557047,1.0
</pre></article><article class="card wide"><p class="eyebrow">SHAP / feature importance artifact</p><pre>[
  {
    &quot;feature&quot;: &quot;aqi&quot;,
    &quot;mean_abs_shap&quot;: 50.62711212002913
  },
  {
    &quot;feature&quot;: &quot;aqi_lag_1&quot;,
    &quot;mean_abs_shap&quot;: 50.4477327007174
  },
  {
    &quot;feature&quot;: &quot;pm2_5&quot;,
    &quot;mean_abs_shap&quot;: 40.51326238968424
  },
  {
    &quot;feature&quot;: &quot;pm2_5_lag_1&quot;,
    &quot;mean_abs_shap&quot;: 26.242967332217948
  },
  {
    &quot;feature&quot;: &quot;pm10&quot;,
    &quot;mean_abs_shap&quot;: 16.816656745439133
  },
  {
    &quot;feature&quot;: &quot;pm2_5_roll_3&quot;,
    &quot;mean_abs_shap&quot;: 13.148259229641075
  },
  {
    &quot;feature&quot;: &quot;pm10_lag_1&quot;,
    &quot;mean_abs_shap&quot;: 9.481364694456104
  },
  {
    &quot;feature&quot;: &quot;aqi_lag_3&quot;,
    &quot;mean_abs_shap&quot;: 7.200696855418017
  },
  {
    &quot;feature&quot;: &quot;pm10_roll_3&quot;,
    &quot;mean_abs_shap&quot;: 5.851804204809807
  },
  {
    &quot;feature&quot;: &quot;aqi_delta&quot;,
    &quot;mean_abs_shap&quot;: 2.7030371865446368
  },
  {
    &quot;feature&quot;: &quot;so2&quot;,
    &quot;mean_abs_shap&quot;: 1.5565903160668255
  },
  {
    &quot;feature&quot;: &quot;month&quot;,
    &quot;mean_abs_shap&quot;: 1.2764716251964048
  },
  {
    &quot;feature&quot;: &quot;aqi_lag_2&quot;,
    &quot;mean_abs_shap&quot;: 1.233007225582239
  },
  {
    &quot;feature&quot;: &quot;o3&quot;,
    &quot;mean_abs_shap&quot;: 0.35567069538930207
  },
  {
    &quot;feature&quot;: &quot;no2&quot;,
    &quot;mean_abs_shap&quot;: 0.2745425175049038
  },
  {
    &quot;feature&quot;: &quot;co&quot;,
    &quot;mean_abs_shap&quot;: 0.1508680551873871
  },
  {
    &quot;feature&quot;: &quot;day&quot;,
    &quot;mean_abs_shap&quot;: 0.005430645367952641
  }
]</pre></article></section></main></body></html>
